V0	Ø	Time	R
97.67	64.6	10.99	182.54
84.69	60.8	9.92	182.08
96.60	43.7	8.68	253.73
92.14	45.4	8.70	242.02
78.92	57.3	9.24	185.27
80.32	53.2	8.94	200.38
74.73	56.1	8.86	180.68
71.28	54.7	8.49	177.50
96.98	38.1	7.94	260.43
84.40	45.0	8.26	226.68
80.68	41.9	7.67	222.16
67.46	55.7	8.31	166.44
60.39	69.3	8.70	105.78
66.19	46.5	7.32	181.47
64.58	56.8	8.19	156.90
61.33	53.9	7.68	156.39
69.67	45.9	7.50	191.06
90.93	40.9	8.05	245.80
90.20	53.2	9.51	218.98
62.99	61.6	8.43	139.41
90.94	32.2	6.81	246.69
77.19	66.7	9.89	143.92
81.12	49.7	8.62	210.79
98.94	54.9	10.14	228.02
68.33	42.4	7.02	191.07
75.67	52.6	8.58	192.46
82.60	64.8	10.11	161.22
60.62	33.4	5.45	168.18
93.88	30.5	6.66	251.61
61.41	68.7	8.76	110.03
80.13	68.0	10.17	142.12
63.68	52.9	7.78	164.15
74.78	46.0	7.82	203.47
78.69	53.0	8.82	197.63
90.98	32.1	6.80	246.70
86.85	44.3	8.29	233.03
64.70	68.9	9.06	114.62
60.03	68.7	8.63	107.89
64.25	63.4	8.67	135.58
77.81	55.7	9.03	188.02
62.85	32.0	5.40	173.43
76.45	62.6	9.53	161.01
93.22	53.3	9.68	223.98
97.43	54.4	10.01	227.43
60.87	68.7	8.71	109.36
69.95	30.1	5.53	191.42
98.29	44.8	8.91	254.89
60.71	45.3	6.81	167.95
98.07	56.8	10.30	219.18
70.66	31.2	5.72	194.87
73.49	47.8	7.94	197.66
87.02	49.8	8.96	222.57
65.60	54.5	8.07	165.11
75.29	69.4	9.92	128.37
88.65	60.1	10.09	191.29
76.64	68.3	9.95	135.66
70.13	66.0	9.31	136.29
74.13	33.8	6.26	206.72
78.93	53.5	8.88	196.89
88.50	35.6	7.20	242.68
90.39	34.2	7.09	246.62
67.08	35.4	6.09	188.42
72.23	30.4	5.69	198.17
70.28	42.7	7.17	195.94
96.95	53.3	9.87	230.41
87.89	58.5	9.90	196.69
71.58	33.4	6.08	199.63
81.51	66.3	10.15	152.22
70.44	32.5	5.89	195.65
88.57	34.9	7.11	242.72
80.89	34.4	6.68	224.31
95.69	40.7	8.24	255.82
71.58	34.5	6.23	200.38
99.66	39.3	8.22	265.00
78.90	59.3	9.42	177.96
63.02	31.4	5.33	173.22
74.71	57.8	9.01	175.48
67.85	35.2	6.11	190.49
93.51	55.4	9.91	217.37
77.22	31.2	6.05	212.46
92.90	60.1	10.34	197.83
88.32	57.1	9.80	202.44
88.07	66.2	10.56	161.84
82.92	32.1	6.44	227.70
98.10	64.4	11.00	184.05
77.06	66.5	9.86	144.91
96.27	50.6	9.53	237.59
93.37	37.8	7.74	253.06
65.16	37.0	6.17	183.56
98.26	46.7	9.15	250.98
61.76	66.8	8.68	118.42
69.13	55.3	8.39	171.25
74.19	62.4	9.36	157.72
78.46	56.8	9.16	186.07
86.58	37.7	7.42	238.16
82.69	55.7	9.33	197.55
87.82	49.5	8.97	224.90
76.96	37.0	6.84	215.21
62.44	65.4	8.65	124.70
87.56	51.2	9.14	220.05
72.82	35.0	6.35	203.95
96.45	64.0	10.88	184.01
76.72	32.2	6.16	212.15
62.24	59.0	8.18	145.65
85.53	37.2	7.30	235.88
78.32	30.5	6.01	214.49
68.28	36.7	6.32	192.25
62.21	41.2	6.47	174.87
83.41	35.5	6.95	230.83
83.16	41.3	7.73	228.35
83.70	40.5	7.65	230.25
81.51	68.9	10.33	139.08
89.16	38.8	7.69	243.53
76.81	53.7	8.77	191.93
70.05	54.0	8.34	176.73
73.04	53.1	8.46	185.41
94.23	55.6	9.97	218.06
89.71	35.8	7.29	245.43
79.08	55.3	9.07	191.72
97.58	37.3	7.84	262.04
94.09	67.7	11.03	161.47
95.61	55.1	9.99	221.90
85.42	39.9	7.66	234.56
93.27	60.0	10.35	198.80
91.83	52.4	9.51	224.42
62.57	50.3	7.45	166.32
73.07	50.1	8.16	192.38
80.69	53.4	8.98	200.67
78.34	63.7	9.75	159.30
77.37	55.7	8.99	187.32
85.55	66.8	10.45	155.52
78.02	55.1	8.98	190.38
61.62	34.7	5.67	172.16
89.03	54.3	9.55	213.62
65.78	37.1	6.22	185.35
86.26	33.1	6.74	236.53
60.39	69.5	8.71	104.97
63.18	49.8	7.44	168.83
84.79	46.9	8.50	224.28
87.38	50.7	9.08	221.02
90.58	33.6	7.01	246.79
75.60	37.9	6.88	211.76
76.64	65.1	9.73	150.64
92.09	46.8	8.87	239.13
81.39	47.3	8.36	216.30
96.82	51.8	9.69	235.11
70.89	65.4	9.33	140.06
74.15	67.4	9.71	136.13
63.48	44.6	6.94	176.26
82.58	62.3	9.92	172.11
81.30	62.3	9.83	170.10
69.72	51.0	8.03	182.78
77.67	31.6	6.12	214.02
64.50	66.3	8.88	125.34
61.85	55.5	7.86	153.96
65.70	58.2	8.39	155.67
68.61	34.2	6.02	192.03
60.97	58.2	8.01	144.92
79.98	66.9	10.09	147.30
79.86	51.9	8.77	203.00
95.71	60.2	10.50	201.51
88.40	62.8	10.32	178.82
77.20	60.0	9.37	172.44
96.72	38.2	7.94	259.83
81.44	35.0	6.79	225.91
82.16	45.1	8.15	221.66
87.51	47.0	8.66	229.68
87.44	50.7	9.08	221.24
80.93	63.8	9.93	163.04
62.18	46.4	7.03	170.86
95.89	42.1	8.45	254.57
99.41	63.6	11.01	189.86
67.67	35.4	6.12	190.08
63.43	51.1	7.59	167.21
83.01	60.2	9.76	181.76
70.48	67.1	9.41	132.02
96.78	30.8	6.81	258.27
90.28	48.2	8.94	232.74
84.10	39.5	7.54	231.80
90.64	63.1	10.47	180.94
96.76	44.9	8.85	251.86
64.03	33.4	5.65	178.28
69.68	66.1	9.28	135.05
94.41	53.7	9.78	224.72
95.45	36.2	7.60	257.88
92.95	38.7	7.85	251.73
77.65	35.8	6.72	216.78
67.09	55.3	8.24	166.77
83.78	31.8	6.44	229.52
92.84	60.1	10.34	197.55
84.79	42.0	7.90	231.39
61.21	31.0	5.18	167.42
94.21	60.9	10.49	196.00
67.97	65.5	9.11	134.58
98.91	65.1	11.10	181.52
66.91	31.0	5.49	184.06
68.49	66.2	9.20	132.46
67.10	43.4	7.05	187.04
66.10	53.2	7.99	169.38
83.64	58.5	9.65	189.32
73.76	47.7	7.95	198.45
80.20	54.9	9.10	195.30
89.08	45.0	8.49	236.57
80.67	43.2	7.83	220.84
60.62	60.6	8.16	137.29
96.72	42.8	8.58	255.19
95.35	55.3	10.00	220.86
72.65	42.5	7.30	202.16
75.94	34.6	6.47	211.94
98.11	35.7	7.63	263.47
83.12	36.5	7.09	230.28
78.03	64.3	9.77	156.37
68.30	57.4	8.52	163.40
82.02	32.9	6.52	226.19
77.11	45.3	7.88	209.96
68.25	36.9	6.35	192.21
76.73	57.2	9.09	181.23
90.38	48.2	8.95	232.86
77.34	30.1	5.89	211.30
97.65	54.2	10.00	228.55
86.05	55.7	9.53	203.44
62.41	51.2	7.52	164.46
67.22	68.6	9.24	120.26
80.74	62.7	9.83	167.62
83.52	57.5	9.55	192.65
95.26	66.9	11.04	167.28
72.47	34.9	6.33	203.00
81.55	52.1	8.90	205.79
93.53	35.3	7.38	253.79
62.60	41.5	6.54	175.85
87.98	57.7	9.83	199.85
63.87	47.3	7.24	174.38
75.61	61.4	9.38	164.17
68.89	46.3	7.48	188.63
69.20	65.0	9.17	138.74
60.65	32.1	5.29	167.03
88.90	60.0	10.10	192.16
71.58	69.6	9.65	122.32
63.13	31.8	5.39	174.05
90.25	30.5	6.51	243.41
60.20	37.1	5.87	169.09
75.99	44.3	7.70	208.54
94.51	38.5	7.89	255.11
89.58	42.0	8.13	241.80
80.55	52.5	8.88	202.84
89.05	54.4	9.57	213.26
96.69	61.1	10.63	198.91
83.82	65.5	10.24	159.64
96.25	54.9	10.01	223.54
77.25	62.8	9.60	161.53
66.38	41.2	6.75	186.52
93.84	50.9	9.44	232.57
82.23	64.7	10.08	160.84
85.37	50.2	8.91	218.40
90.41	37.0	7.50	246.90
88.78	64.8	10.50	169.84
70.97	63.7	9.22	146.91
78.77	53.9	8.91	195.29
66.33	47.8	7.48	179.96
98.37	55.1	10.13	226.32
82.65	45.3	8.20	222.42
80.32	46.7	8.23	215.07
79.20	31.0	6.12	217.32
61.16	34.6	5.63	170.72
99.90	68.9	11.45	160.32
80.43	32.3	6.36	221.75
93.16	30.3	6.60	249.77
83.95	48.6	8.65	219.25
61.89	39.8	6.30	174.31
70.33	65.9	9.32	136.80
65.43	58.5	8.39	154.12
86.25	35.9	7.15	237.58
70.48	51.0	8.08	184.51
93.59	54.7	9.85	219.91
85.15	53.7	9.28	208.25
90.11	46.7	8.75	235.62
90.46	62.2	10.39	184.60
82.98	32.0	6.44	227.79
84.78	69.3	10.57	140.99
80.97	61.8	9.77	171.88
71.23	32.5	5.93	197.84
67.50	30.5	5.47	185.17
95.02	69.7	11.23	150.64
77.94	34.3	6.53	216.90
61.44	31.5	5.26	168.70
85.31	52.1	9.11	213.38
92.66	34.6	7.24	251.75
95.83	41.8	8.40	254.85
78.95	32.9	6.37	218.50
95.88	55.5	10.05	220.76
60.97	62.4	8.32	132.56
87.59	31.4	6.55	238.27
97.46	41.7	8.46	258.18
65.77	44.9	7.12	182.19
93.43	49.0	9.20	236.76
78.76	49.3	8.43	206.76
96.77	59.9	10.53	204.21
73.63	67.9	9.70	133.15
72.37	37.1	6.61	203.37
77.16	44.3	7.77	211.34
